PROSA      FECHA: 210717 HORA: 063556 CONSECUTIVO: 000001                                                                                                                                                                                                                                                                                                                                   
4155665702002206 12345678901234 12345678901234 123456 210716 155716 01 484 00000000000.00 00000000000.00 000.0000 000.0000 00000000000.00 00000000000.00 00000000000.00 00000000000.00 000752749205661 FAB CALZADO ANDREA             77451899026732547527492 B072 SMF123456 APL00 APLICADO                                                                                                 
4155665702002206 12345678901234 12345678901234 123456 210716 155716 01 840 00000000120.00 00000000120.00 021.3145 000.0000 00000002557.74 00000002000.00 00000000557.74 00000000000.00 000752749205661 FAB CALZADO ANDREA             77451899026732547527492 B072 SMF123456 APL01 APLICADO PARCIAL                                                                                         
4155665702002206 12345678901234 12345678901234 123456 210716 155716 21 484 00000000000.00 00000000000.00 000.0000 000.0000 00000012500.00 00000000000.00 00000012500.00 00000000000.00 000752749205661 FAB CALZADO ANDREA             77451899026732547527492 B072 SMF123456 ANL00 ANALISIS                                                                                                 
4155665702002206 12345678901234 12345678901234 123456 210716 155716 18 484 00000000000.00 00000000000.00 000.0000 000.0000 00000012500.00 00000000000.00 00000012500.00 00000000000.00 000752749205661 FAB CALZADO ANDREA             77451899026732547527492 B072 SMF123456 INC00 INCIDENCIA                CUENTA BLOQUEADA POR AREA CENTRAL        USUARIO12345678 210715                
4155665702002206 12345678901234 12345678901234 123456 210716 155716 01 840 00000000120.00 00000000120.00 021.3145 000.0000 00000002557.74 00000002000.00 00000000557.74 00000000150.74 000752749205661 FAB CALZADO ANDREA             77451899026732547527492 VISA SMF123456 APLDF APLICADO DIF/FAVOR                                                                                       
4155665702002206 12345678901234 12345678901234 123456 210716 155716 21 840 00000000086.00 00000000086.00 021.3145 000.0000 00000001833.05 00000000000.00 00000001833.05 00000000011.00 000752749205661 FAB CALZADO ANDREA             77451899026732547527492 VISA SMF123456 APLDC APLICADO DIF/CONTRA                                                                                      
TOTAL NACIONAL:       00000000 0000000000000.00 00000000 0000000000000.00 00000000 0000000000000.00 00000000 0000000000000.00 00000000 0000000000000.00 00000000 0000000000000.00 00000000 0000000000000.00 00000000 0000000000000.00 00000000 0000000000000.00                                                                                                                             
TOTAL INTERNACIONAL:  00000001 0000000002557.74 00000000 0000000000000.00 00000000 0000000000000.00 00000000 0000000000000.00 00000000 0000000000000.00 00000000 0000000000000.00 00000000 0000000000000.00 00000000 0000000000000.00 00000000 0000000000000.00                                                                                                                             
TOTAL APLICADO:       00000000 0000000000000.00 00000000 0000000000000.00 00000000 0000000000000.00 00000000 0000000000000.00 00000000 0000000000000.00 00000000 0000000000000.00 00000000 0000000000000.00 00000000 0000000000000.00 00000000 0000000000000.00                                                                                                                             
TOTAL INCIDENCIAS:    00000000 0000000000000.00 00000000 0000000000000.00 00000000 0000000000000.00 00000000 0000000000000.00 00000000 0000000000000.00 00000000 0000000000000.00 00000000 0000000000000.00 00000000 0000000000000.00 00000000 0000000000000.00                                                                                                                             
TOTAL DIF CAMBIARIA:  00000001 0000000000150.74 00000001 0000000000011.00                                                                                                                                                                                                                                                                                                                   